19 0.001432
ohib = 2 time = 0.000258
ohib = 18 time = 0.001141
